*	A0R610	A7B4V1	A7ZPY4	A8A347	B1IVT6	B1LNJ7	B1XB16	B5Z114	B6I5B4	B7LDD3	B7M7P4	B7N6C8	B7NRJ0	C4ZXB6	C8WMP0	D3U1D9	E3VWI6	E3VWK2	O05730	O32099	O32185	O32229	O32291	O34782	O34896	O66148	P00335	P05707	P07772	P07914	P08088	P08694	P0A9P9	P0A9Q0	P0AFP4	P0AFP5	P0CI31	P0CI32	P13859	P14697	P14802	P16542	P16544	P17611	P21158	P23102	P25145	P25970	P27874	P31808	P35320	P37079	P37694	P37959	P39071	P39577	P39831	P39884	P41177	P43168	P44481	P45200	P45375	P47227	P47230	P50201	P50202	P50203	P50204	P50206	P54554	P55434	P66778	P66780	P66784	P69935	P69936	P72220	P74167	P80702	P96825	P9WGP8	P9WGP9	P9WGQ6	P9WGQ7	P9WGR2	P9WGR3	P9WGR4	P9WGR5	P9WGR7	P9WGS0	P9WGS1	P9WGS2	P9WGS3	P9WGS8	P9WGS9	Q01198	Q03326	Q04520	Q0T1X8	Q1QU27	Q1R183	Q2FE21	Q2FVD5	Q31XU9	Q3YZ12	Q46381	Q48436	Q49WS9	Q4A054	Q4L8Y1	Q53877	Q59987	Q5HD73	Q5HKG6	Q5HLD8	Q6F7B8	Q6G6J1	Q6GDV6	Q7A3L9	Q7N4V7	Q82IY9	Q83QJ8	Q83RE8	Q8CN40	Q8FHD2	Q8KES3	Q8NUV9	Q8RJB2	Q8U8I2	Q8X505	Q8XA72	Q92EK7	Q93UV4	Q99RF5	Q9KWN1	Q9L9F7	Q9RA05	Q9WXG7	Q9X6U2	Q9ZAU1	Q9ZKW1	
A0R610	0	0.252279635258	0.0380434782609	0.0380434782609	0.0380434782609	0.031914893617	0.0377358490566	0.031914893617	0.0380434782609	0.0380434782609	0.0377358490566	0.024064171123	0.0435967302452	0.0377358490566	0.0436893203883	0.306620209059	0.228476821192	0.213114754098	0.337386018237	0.185082872928	0.0691244239631	0.0663129973475	0.307947019868	0.0691642651297	0.0339943342776	0.109813084112	0.148936170213	0.0637119113573	0.065963060686	0.0411764705882	0.0194444444444	0.0134408602151	0.0389972144847	0.0389972144847	0.288753799392	0.288753799392	0.0377358490566	0.0433604336043	0.0194444444444	0.0722543352601	0.182108626198	0.0718390804598	0.0872093023256	0.0491803278689	0.184895833333	0.0646900269542	0.258899676375	0.309608540925	0.116147308782	0.178571428571	0.189473684211	0.0301369863014	0.3	0.27245508982	0.0548780487805	0.297297297297	0.323333333333	0.142857142857	0.080229226361	0.341549295775	0.0621301775148	0.272727272727	0.0530726256983	0.0108108108108	0.0268817204301	0.0992167101828	0.119791666667	0.032967032967	0.0813953488372	0.0414201183432	0.340625	0.292834890966	0.0843989769821	0.191616766467	0.659003831418	0.329861111111	0.329861111111	0.0140449438202	0.0639386189258	0.0271604938272	0.111111111111	0.241935483871	0.241935483871	0.0276381909548	0.0276381909548	0.28064516129	0.288888888889	0.239436619718	0.239436619718	0.232323232323	0.191616766467	0.191616766467	0.0843989769821	0.0843989769821	0.659003831418	0.659003831418	0.24115755627	0.190104166667	0.154069767442	0.0314136125654	0.312292358804	0.277955271565	0.21686746988	0.21686746988	0.0380434782609	0.0293333333333	0.025	0.0444444444444	0.280936454849	0.261744966443	0.199395770393	0.11170212766	0.106888361045	0.21686746988	0.0573065902579	0.225	0.280373831776	0.24	0.197674418605	0.263157894737	0.0154639175258	0.260273972603	0.0314136125654	0.346801346801	0.225	0.286184210526	0.261904761905	0.24	0.204986149584	0.320422535211	0.305369127517	0.031914893617	0.253205128205	0.1375	0.263157894737	0.3125	0.0797720797721	0.0638977635783	0.00859598853868	0.0396600566572	0.10941475827	0.291907514451	
A7B4V1	0.252279635258	0	0.045197740113	0.045197740113	0.045197740113	0.0358126721763	0.0418994413408	0.0386740331492	0.045197740113	0.045197740113	0.0418994413408	0.036312849162	0.0421348314607	0.0418994413408	0.045	0.296428571429	0.188741721854	0.221843003413	0.209039548023	0.201729106628	0.0585480093677	0.0924369747899	0.247557003257	0.0878787878788	0.0321637426901	0.14039408867	0.18064516129	0.0689655172414	0.116809116809	0.0426829268293	0.0171919770774	0.0310734463277	0.0463768115942	0.0463768115942	0.211764705882	0.211764705882	0.0418994413408	0.0418994413408	0.0171919770774	0.0589970501475	0.197324414716	0.0617647058824	0.0615835777126	0.0538243626062	0.181333333333	0.0974212034384	0.240131578947	0.289855072464	0.120234604106	0.235915492958	0.148825065274	0.0459770114943	0.277027027027	0.24024024024	0.0636942675159	0.21568627451	0.270627062706	0.155778894472	0.0488505747126	0.250847457627	0.0579268292683	0.297872340426	0.0549132947977	0.0284090909091	0.0277777777778	0.0820105820106	0.0829015544041	0.0340909090909	0.0495626822157	0.0179640718563	0.39932885906	0.255451713396	0.0757180156658	0.16265060241	0.21676300578	0.253378378378	0.253378378378	0.0145348837209	0.0687830687831	0.020202020202	0.132911392405	0.299651567944	0.299651567944	0.0474934036939	0.0474934036939	0.318493150685	0.304635761589	0.185595567867	0.185595567867	0.268817204301	0.16265060241	0.16265060241	0.0757180156658	0.0757180156658	0.21676300578	0.21676300578	0.263513513514	0.141025641026	0.115942028986	0.0408719346049	0.311643835616	0.297658862876	0.240506329114	0.240506329114	0.045197740113	0.0446927374302	0.0113314447592	0.0520231213873	0.244966442953	0.323636363636	0.210691823899	0.0943396226415	0.146464646465	0.240506329114	0.0530973451327	0.25	0.239130434783	0.281967213115	0.226993865031	0.252525252525	0.0296495956873	0.215017064846	0.0408719346049	0.284768211921	0.25	0.263333333333	0.139682539683	0.281967213115	0.168508287293	0.282685512367	0.265100671141	0.0386740331492	0.246710526316	0.103448275862	0.252525252525	0.248387096774	0.0668604651163	0.0664451827243	0.00591715976331	0.0410557184751	0.0956072351421	0.225352112676	
A7ZPY4	0.0380434782609	0.045197740113	0	1.0	1.0	0.821052631579	0.874316939891	0.87027027027	1.0	1.0	0.937853107345	0.823529411765	0.894444444444	0.874316939891	0.0747922437673	0.0504731861199	0.071661237785	0.0347003154574	0.0557029177719	0.075	0.0656565656566	0.168831168831	0.0443786982249	0.175	0.121527777778	0.0458937198068	0.0838709677419	0.136212624585	0.0741839762611	0.164179104478	0.310483870968	0.30859375	0.141379310345	0.141379310345	0.0268817204301	0.0268817204301	0.874316939891	0.814814814815	0.310483870968	0.115254237288	0.0546623794212	0.122033898305	0.12925170068	0.0996784565916	0.0562659846547	0.0828220858896	0.0327380952381	0.0349206349206	0.0864197530864	0.163043478261	0.0353535353535	0.143835616438	0.0357142857143	0.0521978021978	0.160305343511	0.0363636363636	0.0410557184751	0.0941475826972	0.155172413793	0.0303951367781	0.152727272727	0.0467289719626	0.116666666667	0.322709163347	0.322957198444	0.0383561643836	0.0402144772118	0.139931740614	0.141868512111	0.402714932127	0.032	0.0247252747253	0.0268817204301	0.0626865671642	0.0289473684211	0.0396341463415	0.0396341463415	0.351694915254	0.0535211267606	0.0903790087464	0.104377104377	0.0457317073171	0.0457317073171	0.085798816568	0.085798816568	0.0565476190476	0.0612244897959	0.0613333333333	0.0613333333333	0.031847133758	0.0626865671642	0.0626865671642	0.0268817204301	0.0268817204301	0.0289473684211	0.0289473684211	0.0552147239264	0.0479797979798	0.0725075528701	0.795918367347	0.0291545189504	0.0406976744186	0.0710059171598	0.0710059171598	1.0	0.829787234043	0.282352941176	0.159722222222	0.0302114803625	0.0809061488673	0.047197640118	0.0415512465374	0.0392156862745	0.0710059171598	0.10472972973	0.0479041916168	0.0603448275862	0.0712166172107	0.0755813953488	0.0621118012422	0.614678899083	0.0618892508143	0.795918367347	0.046783625731	0.0479041916168	0.048048048048	0.0313479623824	0.0712166172107	0.0424403183024	0.0438871473354	0.0389221556886	0.87027027027	0.0356083086053	0.102739726027	0.0621118012422	0.0625	0.0870967741935	0.0858208955224	0.286307053942	0.160714285714	0.0314136125654	0.0411311053985	
A8A347	0.0380434782609	0.045197740113	1.0	0	1.0	0.821052631579	0.874316939891	0.87027027027	1.0	1.0	0.937853107345	0.823529411765	0.894444444444	0.874316939891	0.0747922437673	0.0504731861199	0.071661237785	0.0347003154574	0.0557029177719	0.075	0.0656565656566	0.168831168831	0.0443786982249	0.175	0.121527777778	0.0458937198068	0.0838709677419	0.136212624585	0.0741839762611	0.164179104478	0.310483870968	0.30859375	0.141379310345	0.141379310345	0.0268817204301	0.0268817204301	0.874316939891	0.814814814815	0.310483870968	0.115254237288	0.0546623794212	0.122033898305	0.12925170068	0.0996784565916	0.0562659846547	0.0828220858896	0.0327380952381	0.0349206349206	0.0864197530864	0.163043478261	0.0353535353535	0.143835616438	0.0357142857143	0.0521978021978	0.160305343511	0.0363636363636	0.0410557184751	0.0941475826972	0.155172413793	0.0303951367781	0.152727272727	0.0467289719626	0.116666666667	0.322709163347	0.322957198444	0.0383561643836	0.0402144772118	0.139931740614	0.141868512111	0.402714932127	0.032	0.0247252747253	0.0268817204301	0.0626865671642	0.0289473684211	0.0396341463415	0.0396341463415	0.351694915254	0.0535211267606	0.0903790087464	0.104377104377	0.0457317073171	0.0457317073171	0.085798816568	0.085798816568	0.0565476190476	0.0612244897959	0.0613333333333	0.0613333333333	0.031847133758	0.0626865671642	0.0626865671642	0.0268817204301	0.0268817204301	0.0289473684211	0.0289473684211	0.0552147239264	0.0479797979798	0.0725075528701	0.795918367347	0.0291545189504	0.0406976744186	0.0710059171598	0.0710059171598	1.0	0.829787234043	0.282352941176	0.159722222222	0.0302114803625	0.0809061488673	0.047197640118	0.0415512465374	0.0392156862745	0.0710059171598	0.10472972973	0.0479041916168	0.0603448275862	0.0712166172107	0.0755813953488	0.0621118012422	0.614678899083	0.0618892508143	0.795918367347	0.046783625731	0.0479041916168	0.048048048048	0.0313479623824	0.0712166172107	0.0424403183024	0.0438871473354	0.0389221556886	0.87027027027	0.0356083086053	0.102739726027	0.0621118012422	0.0625	0.0870967741935	0.0858208955224	0.286307053942	0.160714285714	0.0314136125654	0.0411311053985	
B1IVT6	0.0380434782609	0.045197740113	1.0	1.0	0	0.821052631579	0.874316939891	0.87027027027	1.0	1.0	0.937853107345	0.823529411765	0.894444444444	0.874316939891	0.0747922437673	0.0504731861199	0.071661237785	0.0347003154574	0.0557029177719	0.075	0.0656565656566	0.168831168831	0.0443786982249	0.175	0.121527777778	0.0458937198068	0.0838709677419	0.136212624585	0.0741839762611	0.164179104478	0.310483870968	0.30859375	0.141379310345	0.141379310345	0.0268817204301	0.0268817204301	0.874316939891	0.814814814815	0.310483870968	0.115254237288	0.0546623794212	0.122033898305	0.12925170068	0.0996784565916	0.0562659846547	0.0828220858896	0.0327380952381	0.0349206349206	0.0864197530864	0.163043478261	0.0353535353535	0.143835616438	0.0357142857143	0.0521978021978	0.160305343511	0.0363636363636	0.0410557184751	0.0941475826972	0.155172413793	0.0303951367781	0.152727272727	0.0467289719626	0.116666666667	0.322709163347	0.322957198444	0.0383561643836	0.0402144772118	0.139931740614	0.141868512111	0.402714932127	0.032	0.0247252747253	0.0268817204301	0.0626865671642	0.0289473684211	0.0396341463415	0.0396341463415	0.351694915254	0.0535211267606	0.0903790087464	0.104377104377	0.0457317073171	0.0457317073171	0.085798816568	0.085798816568	0.0565476190476	0.0612244897959	0.0613333333333	0.0613333333333	0.031847133758	0.0626865671642	0.0626865671642	0.0268817204301	0.0268817204301	0.0289473684211	0.0289473684211	0.0552147239264	0.0479797979798	0.0725075528701	0.795918367347	0.0291545189504	0.0406976744186	0.0710059171598	0.0710059171598	1.0	0.829787234043	0.282352941176	0.159722222222	0.0302114803625	0.0809061488673	0.047197640118	0.0415512465374	0.0392156862745	0.0710059171598	0.10472972973	0.0479041916168	0.0603448275862	0.0712166172107	0.0755813953488	0.0621118012422	0.614678899083	0.0618892508143	0.795918367347	0.046783625731	0.0479041916168	0.048048048048	0.0313479623824	0.0712166172107	0.0424403183024	0.0438871473354	0.0389221556886	0.87027027027	0.0356083086053	0.102739726027	0.0621118012422	0.0625	0.0870967741935	0.0858208955224	0.286307053942	0.160714285714	0.0314136125654	0.0411311053985	
B1LNJ7	0.031914893617	0.0358126721763	0.821052631579	0.821052631579	0.821052631579	0	0.907103825137	0.934065934066	0.821052631579	0.821052631579	0.846560846561	0.960451977401	0.917127071823	0.907103825137	0.0853994490358	0.0462962962963	0.0771704180064	0.0308641975309	0.0520833333333	0.0650406504065	0.0974358974359	0.133126934985	0.0748502994012	0.143344709898	0.115254237288	0.0402843601896	0.0721003134796	0.118971061093	0.0823529411765	0.123674911661	0.273076923077	0.296577946768	0.130872483221	0.130872483221	0.0130548302872	0.0130548302872	0.907103825137	0.866310160428	0.273076923077	0.105610561056	0.0603174603175	0.112211221122	0.126666666667	0.104761904762	0.0345679012346	0.0845921450151	0.0261627906977	0.0184049079755	0.132911392405	0.1393728223	0.04	0.144781144781	0.0381231671554	0.0373333333333	0.161048689139	0.0326409495549	0.0373563218391	0.103797468354	0.132890365449	0.0329341317365	0.145390070922	0.0332326283988	0.10355987055	0.335968379447	0.291044776119	0.0724233983287	0.070652173913	0.122112211221	0.116279069767	0.350427350427	0.0287958115183	0.0243243243243	0.031914893617	0.0838323353293	0.0311688311688	0.0296735905045	0.0296735905045	0.326530612245	0.0526315789474	0.0826210826211	0.139931740614	0.0294985250737	0.0294985250737	0.0843023255814	0.0843023255814	0.0463768115942	0.0601719197708	0.0520833333333	0.0520833333333	0.0185185185185	0.0838323353293	0.0838323353293	0.031914893617	0.031914893617	0.0311688311688	0.0311688311688	0.0703363914373	0.047263681592	0.0680473372781	0.817258883249	0.0257142857143	0.037037037037	0.0666666666667	0.0666666666667	0.821052631579	0.822916666667	0.295719844358	0.12582781457	0.0327380952381	0.0828025477707	0.058651026393	0.0324324324324	0.0336538461538	0.0666666666667	0.0882352941176	0.0532544378698	0.0714285714286	0.0668604651163	0.0681818181818	0.0577507598784	0.55652173913	0.0573248407643	0.817258883249	0.0429799426934	0.0532544378698	0.0441176470588	0.0244648318043	0.0668604651163	0.044502617801	0.0430769230769	0.0321637426901	0.934065934066	0.0260115606936	0.127147766323	0.0577507598784	0.0521739130435	0.0786163522013	0.104089219331	0.295081967213	0.137457044674	0.0309278350515	0.0300751879699	
B1XB16	0.0377358490566	0.0418994413408	0.874316939891	0.874316939891	0.874316939891	0.907103825137	0	0.949720670391	0.874316939891	0.874316939891	0.932960893855	0.911111111111	0.932584269663	1.0	0.0861111111111	0.0467289719626	0.0744336569579	0.0376175548589	0.0636604774536	0.0743801652893	0.0493827160494	0.148734177215	0.0755287009063	0.152777777778	0.120274914089	0.0455635491607	0.0830670926518	0.123778501629	0.0960960960961	0.141304347826	0.28125	0.3	0.132203389831	0.132203389831	0.0266666666667	0.0266666666667	1.0	0.890710382514	0.28125	0.114093959732	0.0677419354839	0.117056856187	0.124161073826	0.109324758842	0.0374064837905	0.0953846153846	0.0204081632653	0.0313479623824	0.126984126984	0.148936170213	0.0403022670025	0.150170648464	0.0384615384615	0.0460704607046	0.167300380228	0.039156626506	0.046783625731	0.0962025316456	0.138047138047	0.0301204819277	0.146953405018	0.0366972477064	0.108196721311	0.345381526104	0.294339622642	0.0640668523677	0.0741758241758	0.127090301003	0.125	0.384955752212	0.0372340425532	0.0217391304348	0.0266666666667	0.0652818991098	0.0368421052632	0.0299401197605	0.0299401197605	0.330578512397	0.0560224089636	0.0864553314121	0.137457044674	0.0328358208955	0.0328358208955	0.0914454277286	0.0914454277286	0.0591715976331	0.063768115942	0.0469973890339	0.0469973890339	0.0315457413249	0.0652818991098	0.0652818991098	0.0266666666667	0.0266666666667	0.0368421052632	0.0368421052632	0.0743034055728	0.047619047619	0.0718562874251	0.918918918919	0.0439882697947	0.0403458213256	0.0672514619883	0.0672514619883	0.874316939891	0.865591397849	0.309523809524	0.146258503401	0.0268656716418	0.0801282051282	0.0529411764706	0.0383561643836	0.0414634146341	0.0672514619883	0.103678929766	0.0474777448071	0.0568181818182	0.0674486803519	0.0749279538905	0.0615384615385	0.591928251121	0.0578778135048	0.918918918919	0.0463768115942	0.0474777448071	0.0445103857567	0.0310559006211	0.0674486803519	0.0448548812665	0.0532915360502	0.044776119403	0.949720670391	0.0202898550725	0.120689655172	0.0615384615385	0.0526315789474	0.0897435897436	0.092936802974	0.298755186722	0.167259786477	0.0392670157068	0.0461538461538	
B5Z114	0.031914893617	0.0386740331492	0.87027027027	0.87027027027	0.87027027027	0.934065934066	0.949720670391	0	0.87027027027	0.87027027027	0.92817679558	0.896174863388	0.960451977401	0.949720670391	0.0794520547945	0.0430769230769	0.0771704180064	0.0308641975309	0.0631578947368	0.0737704918033	0.0515970515971	0.147335423197	0.0621301775148	0.151202749141	0.122866894198	0.0427553444181	0.0788643533123	0.126213592233	0.0887573964497	0.143884892086	0.287937743191	0.301526717557	0.13468013468	0.13468013468	0.023746701847	0.023746701847	0.949720670391	0.896739130435	0.287937743191	0.112956810631	0.0636942675159	0.119601328904	0.134228187919	0.108280254777	0.0501253132832	0.0911854103343	0.0231884057971	0.0246913580247	0.108359133127	0.155477031802	0.04	0.160409556314	0.0442477876106	0.0456989247312	0.165413533835	0.0295857988166	0.0403458213256	0.09	0.140468227425	0.0329341317365	0.153571428571	0.0363636363636	0.110749185668	0.346613545817	0.315589353612	0.0635359116022	0.0648648648649	0.129568106312	0.123745819398	0.373913043478	0.0424403183024	0.0215633423181	0.0291777188329	0.0710059171598	0.0338541666667	0.0296735905045	0.0296735905045	0.331967213115	0.0468319559229	0.0919540229885	0.139931740614	0.0325443786982	0.0325443786982	0.0906432748538	0.0906432748538	0.0524781341108	0.0632183908046	0.0520833333333	0.0520833333333	0.03125	0.0710059171598	0.0710059171598	0.0291777188329	0.0291777188329	0.0338541666667	0.0338541666667	0.0703363914373	0.0446650124069	0.0776119402985	0.884210526316	0.0286532951289	0.037037037037	0.054441260745	0.054441260745	0.87027027027	0.891891891892	0.321428571429	0.148648648649	0.0358208955224	0.0725552050473	0.0433526011561	0.0324324324324	0.0386473429952	0.054441260745	0.102649006623	0.0409356725146	0.0744985673352	0.0485714285714	0.0651558073654	0.0481927710843	0.577092511013	0.0506329113924	0.884210526316	0.0459770114943	0.0409356725146	0.0410557184751	0.0244648318043	0.0485714285714	0.044502617801	0.0462962962963	0.0382352941176	1.0	0.0289855072464	0.127147766323	0.0481927710843	0.0552325581395	0.0888888888889	0.0959409594096	0.311203319502	0.165492957746	0.0335917312661	0.0458015267176	
B6I5B4	0.0380434782609	0.045197740113	1.0	1.0	1.0	0.821052631579	0.874316939891	0.87027027027	0	1.0	0.937853107345	0.823529411765	0.894444444444	0.874316939891	0.0747922437673	0.0504731861199	0.071661237785	0.0347003154574	0.0557029177719	0.075	0.0656565656566	0.168831168831	0.0443786982249	0.175	0.121527777778	0.0458937198068	0.0838709677419	0.136212624585	0.0741839762611	0.164179104478	0.310483870968	0.30859375	0.141379310345	0.141379310345	0.0268817204301	0.0268817204301	0.874316939891	0.814814814815	0.310483870968	0.115254237288	0.0546623794212	0.122033898305	0.12925170068	0.0996784565916	0.0562659846547	0.0828220858896	0.0327380952381	0.0349206349206	0.0864197530864	0.163043478261	0.0353535353535	0.143835616438	0.0357142857143	0.0521978021978	0.160305343511	0.0363636363636	0.0410557184751	0.0941475826972	0.155172413793	0.0303951367781	0.152727272727	0.0467289719626	0.116666666667	0.322709163347	0.322957198444	0.0383561643836	0.0402144772118	0.139931740614	0.141868512111	0.402714932127	0.032	0.0247252747253	0.0268817204301	0.0626865671642	0.0289473684211	0.0396341463415	0.0396341463415	0.351694915254	0.0535211267606	0.0903790087464	0.104377104377	0.0457317073171	0.0457317073171	0.085798816568	0.085798816568	0.0565476190476	0.0612244897959	0.0613333333333	0.0613333333333	0.031847133758	0.0626865671642	0.0626865671642	0.0268817204301	0.0268817204301	0.0289473684211	0.0289473684211	0.0552147239264	0.0479797979798	0.0725075528701	0.795918367347	0.0291545189504	0.0406976744186	0.0710059171598	0.0710059171598	1.0	0.829787234043	0.282352941176	0.159722222222	0.0302114803625	0.0809061488673	0.047197640118	0.0415512465374	0.0392156862745	0.0710059171598	0.10472972973	0.0479041916168	0.0603448275862	0.0712166172107	0.0755813953488	0.0621118012422	0.614678899083	0.0618892508143	0.795918367347	0.046783625731	0.0479041916168	0.048048048048	0.0313479623824	0.0712166172107	0.0424403183024	0.0438871473354	0.0389221556886	0.87027027027	0.0356083086053	0.102739726027	0.0621118012422	0.0625	0.0870967741935	0.0858208955224	0.286307053942	0.160714285714	0.0314136125654	0.0411311053985	
B7LDD3	0.0380434782609	0.045197740113	1.0	1.0	1.0	0.821052631579	0.874316939891	0.87027027027	1.0	0	0.937853107345	0.823529411765	0.894444444444	0.874316939891	0.0747922437673	0.0504731861199	0.071661237785	0.0347003154574	0.0557029177719	0.075	0.0656565656566	0.168831168831	0.0443786982249	0.175	0.121527777778	0.0458937198068	0.0838709677419	0.136212624585	0.0741839762611	0.164179104478	0.310483870968	0.30859375	0.141379310345	0.141379310345	0.0268817204301	0.0268817204301	0.874316939891	0.814814814815	0.310483870968	0.115254237288	0.0546623794212	0.122033898305	0.12925170068	0.0996784565916	0.0562659846547	0.0828220858896	0.0327380952381	0.0349206349206	0.0864197530864	0.163043478261	0.0353535353535	0.143835616438	0.0357142857143	0.0521978021978	0.160305343511	0.0363636363636	0.0410557184751	0.0941475826972	0.155172413793	0.0303951367781	0.152727272727	0.0467289719626	0.116666666667	0.322709163347	0.322957198444	0.0383561643836	0.0402144772118	0.139931740614	0.141868512111	0.402714932127	0.032	0.0247252747253	0.0268817204301	0.0626865671642	0.0289473684211	0.0396341463415	0.0396341463415	0.351694915254	0.0535211267606	0.0903790087464	0.104377104377	0.0457317073171	0.0457317073171	0.085798816568	0.085798816568	0.0565476190476	0.0612244897959	0.0613333333333	0.0613333333333	0.031847133758	0.0626865671642	0.0626865671642	0.0268817204301	0.0268817204301	0.0289473684211	0.0289473684211	0.0552147239264	0.0479797979798	0.0725075528701	0.795918367347	0.0291545189504	0.0406976744186	0.0710059171598	0.0710059171598	1.0	0.829787234043	0.282352941176	0.159722222222	0.0302114803625	0.0809061488673	0.047197640118	0.0415512465374	0.0392156862745	0.0710059171598	0.10472972973	0.0479041916168	0.0603448275862	0.0712166172107	0.0755813953488	0.0621118012422	0.614678899083	0.0618892508143	0.795918367347	0.046783625731	0.0479041916168	0.048048048048	0.0313479623824	0.0712166172107	0.0424403183024	0.0438871473354	0.0389221556886	0.87027027027	0.0356083086053	0.102739726027	0.0621118012422	0.0625	0.0870967741935	0.0858208955224	0.286307053942	0.160714285714	0.0314136125654	0.0411311053985	
B7M7P4	0.0377358490566	0.0418994413408	0.937853107345	0.937853107345	0.937853107345	0.846560846561	0.932960893855	0.92817679558	0.937853107345	0.937853107345	0	0.839572192513	0.954545454545	0.932960893855	0.0712328767123	0.0402476780186	0.0709677419355	0.0376175548589	0.0552631578947	0.0684931506849	0.0678391959799	0.167202572347	0.0595238095238	0.169014084507	0.108843537415	0.0455635491607	0.0796178343949	0.138613861386	0.0766961651917	0.149635036496	0.28125	0.3	0.132203389831	0.132203389831	0.0266666666667	0.0266666666667	0.932960893855	0.850267379679	0.28125	0.106666666667	0.0575079872204	0.120805369128	0.124161073826	0.0952380952381	0.0452261306533	0.0853658536585	0.0263929618768	0.0378548895899	0.0889570552147	0.165467625899	0.0455696202532	0.13468013468	0.0446428571429	0.0489130434783	0.158490566038	0.039156626506	0.0437317784257	0.104591836735	0.141891891892	0.027027027027	0.151079136691	0.0366972477064	0.108196721311	0.324110671937	0.314176245211	0.0465753424658	0.0510752688172	0.13468013468	0.11744966443	0.391111111111	0.04	0.0217391304348	0.0239361702128	0.0652818991098	0.0314136125654	0.0299401197605	0.0299401197605	0.352941176471	0.0560224089636	0.0864553314121	0.122033898305	0.0421686746988	0.0421686746988	0.0882352941176	0.0882352941176	0.0529411764706	0.0576368876081	0.0469973890339	0.0469973890339	0.0283018867925	0.0652818991098	0.0652818991098	0.0239361702128	0.0239361702128	0.0314136125654	0.0314136125654	0.070987654321	0.0555555555556	0.0654761904762	0.829896907216	0.0379008746356	0.0373563218391	0.064139941691	0.064139941691	0.937853107345	0.865591397849	0.279069767442	0.150170648464	0.0299401197605	0.0801282051282	0.049853372434	0.0412087912088	0.0364077669903	0.064139941691	0.103678929766	0.0443786982249	0.0568181818182	0.0612244897959	0.0718390804598	0.0550458715596	0.591928251121	0.0647249190939	0.829896907216	0.0494186046512	0.0443786982249	0.0414201183432	0.0278637770898	0.0612244897959	0.0339425587467	0.0402476780186	0.0416666666667	0.92817679558	0.0232558139535	0.11301369863	0.0550458715596	0.0434782608696	0.0932475884244	0.0808823529412	0.277551020408	0.154929577465	0.0338541666667	0.0515463917526	
B7N6C8	0.024064171123	0.036312849162	0.823529411765	0.823529411765	0.823529411765	0.960451977401	0.911111111111	0.896174863388	0.823529411765	0.823529411765	0.839572192513	0	0.91061452514	0.911111111111	0.0865921787709	0.04375	0.0645161290323	0.0249221183801	0.0527704485488	0.0601092896175	0.0846153846154	0.135220125786	0.0759878419453	0.141868512111	0.109589041096	0.0407673860911	0.0630914826498	0.106451612903	0.0803571428571	0.121863799283	0.268482490272	0.302325581395	0.12925170068	0.12925170068	0.0132275132275	0.0132275132275	0.911111111111	0.89010989011	0.268482490272	0.1	0.0612903225806	0.114093959732	0.125	0.102893890675	0.0324189526185	0.0825688073394	0.0265486725664	0.018691588785	0.120634920635	0.141843971631	0.0405063291139	0.139455782313	0.0386904761905	0.0378378378378	0.155303030303	0.0331325301205	0.031884057971	0.0966921119593	0.131313131313	0.0365853658537	0.143884892086	0.0305810397554	0.0980392156863	0.342741935484	0.28679245283	0.0704225352113	0.0686813186813	0.120401337793	0.114478114478	0.364035087719	0.0374331550802	0.0218579234973	0.0295698924731	0.0818181818182	0.0261780104712	0.0239520958084	0.0239520958084	0.333333333333	0.0533707865169	0.0901162790698	0.138408304498	0.0299401197605	0.0299401197605	0.0791788856305	0.0791788856305	0.0439882697947	0.0579710144928	0.0527704485488	0.0527704485488	0.0188087774295	0.0818181818182	0.0818181818182	0.0295698924731	0.0295698924731	0.0261780104712	0.0261780104712	0.0681114551084	0.0478589420655	0.0658682634731	0.819587628866	0.0231213872832	0.0345821325648	0.0645161290323	0.0645161290323	0.823529411765	0.815789473684	0.296442687747	0.124161073826	0.0332326283988	0.0876623376623	0.0563798219585	0.0328767123288	0.0340632603406	0.0645161290323	0.0825082508251	0.0540540540541	0.0693641618497	0.0678466076696	0.066091954023	0.0586419753086	0.555066079295	0.0514469453376	0.819587628866	0.0345821325648	0.0540540540541	0.0385756676558	0.0248447204969	0.0678466076696	0.042328042328	0.04375	0.0295857988166	0.896174863388	0.0263929618768	0.117647058824	0.0586419753086	0.049853372434	0.0764331210191	0.0977443609023	0.285123966942	0.135888501742	0.0313315926893	0.0304568527919	
B7NRJ0	0.0435967302452	0.0421348314607	0.894444444444	0.894444444444	0.894444444444	0.917127071823	0.932584269663	0.960451977401	0.894444444444	0.894444444444	0.954545454545	0.91061452514	0	0.932584269663	0.0775623268698	0.0503144654088	0.0927152317881	0.0477707006369	0.061170212766	0.0718232044199	0.0681818181818	0.164516129032	0.0727272727273	0.166077738516	0.113402061856	0.0432692307692	0.0836012861736	0.128289473684	0.0900900900901	0.142335766423	0.2734375	0.302325581395	0.12925170068	0.12925170068	0.0295698924731	0.0295698924731	0.932584269663	0.921787709497	0.2734375	0.103678929766	0.071661237785	0.110367892977	0.121212121212	0.0923566878981	0.0481012658228	0.0892307692308	0.0295857988166	0.0348101265823	0.117088607595	0.141843971631	0.0352644836272	0.155172413793	0.0543806646526	0.0463215258856	0.150943396226	0.0425531914894	0.0532544378698	0.102301790281	0.138983050847	0.0334346504559	0.143884892086	0.0433436532508	0.105263157895	0.348178137652	0.311538461538	0.0644257703081	0.0657534246575	0.127946127946	0.125850340136	0.37610619469	0.0486486486486	0.0274725274725	0.0295698924731	0.0688622754491	0.0425531914894	0.0395136778116	0.0395136778116	0.344537815126	0.056338028169	0.0901162790698	0.138408304498	0.0392749244713	0.0392749244713	0.0919881305638	0.0919881305638	0.0470588235294	0.0579710144928	0.0697050938338	0.0697050938338	0.0284810126582	0.0688622754491	0.0688622754491	0.0295698924731	0.0295698924731	0.0425531914894	0.0425531914894	0.078125	0.0426065162907	0.0820668693009	0.867724867725	0.0473372781065	0.0436046511628	0.070796460177	0.070796460177	0.894444444444	0.916666666667	0.317269076305	0.147260273973	0.0395136778116	0.0771704180064	0.0532544378698	0.0300546448087	0.0416666666667	0.070796460177	0.10067114094	0.0508982035928	0.0755813953488	0.0647058823529	0.0753623188406	0.0586419753086	0.59009009009	0.0686274509804	0.867724867725	0.0558823529412	0.0508982035928	0.0510510510511	0.0280373831776	0.0647058823529	0.042328042328	0.0470219435737	0.0481927710843	0.960451977401	0.0416666666667	0.141342756184	0.0586419753086	0.0623145400593	0.0903225806452	0.110266159696	0.306722689076	0.147887323944	0.0286458333333	0.0490956072351	
C4ZXB6	0.0377358490566	0.0418994413408	0.874316939891	0.874316939891	0.874316939891	0.907103825137	1.0	0.949720670391	0.874316939891	0.874316939891	0.932960893855	0.911111111111	0.932584269663	0	0.0861111111111	0.0467289719626	0.0744336569579	0.0376175548589	0.0636604774536	0.0743801652893	0.0493827160494	0.148734177215	0.0755287009063	0.152777777778	0.120274914089	0.0455635491607	0.0830670926518	0.123778501629	0.0960960960961	0.141304347826	0.28125	0.3	0.132203389831	0.132203389831	0.0266666666667	0.0266666666667	1.0	0.890710382514	0.28125	0.114093959732	0.0677419354839	0.117056856187	0.124161073826	0.109324758842	0.0374064837905	0.0953846153846	0.0204081632653	0.0313479623824	0.126984126984	0.148936170213	0.0403022670025	0.150170648464	0.0384615384615	0.0460704607046	0.167300380228	0.039156626506	0.046783625731	0.0962025316456	0.138047138047	0.0301204819277	0.146953405018	0.0366972477064	0.108196721311	0.345381526104	0.294339622642	0.0640668523677	0.0741758241758	0.127090301003	0.125	0.384955752212	0.0372340425532	0.0217391304348	0.0266666666667	0.0652818991098	0.0368421052632	0.0299401197605	0.0299401197605	0.330578512397	0.0560224089636	0.0864553314121	0.137457044674	0.0328358208955	0.0328358208955	0.0914454277286	0.0914454277286	0.0591715976331	0.063768115942	0.0469973890339	0.0469973890339	0.0315457413249	0.0652818991098	0.0652818991098	0.0266666666667	0.0266666666667	0.0368421052632	0.0368421052632	0.0743034055728	0.047619047619	0.0718562874251	0.918918918919	0.0439882697947	0.0403458213256	0.0672514619883	0.0672514619883	0.874316939891	0.865591397849	0.309523809524	0.146258503401	0.0268656716418	0.0801282051282	0.0529411764706	0.0383561643836	0.0414634146341	0.0672514619883	0.103678929766	0.0474777448071	0.0568181818182	0.0674486803519	0.0749279538905	0.0615384615385	0.591928251121	0.0578778135048	0.918918918919	0.0463768115942	0.0474777448071	0.0445103857567	0.0310559006211	0.0674486803519	0.0448548812665	0.0532915360502	0.044776119403	0.949720670391	0.0202898550725	0.120689655172	0.0615384615385	0.0526315789474	0.0897435897436	0.092936802974	0.298755186722	0.167259786477	0.0392670157068	0.0461538461538	
C8WMP0	0.0436893203883	0.045	0.0747922437673	0.0747922437673	0.0747922437673	0.0853994490358	0.0861111111111	0.0794520547945	0.0747922437673	0.0747922437673	0.0712328767123	0.0865921787709	0.0775623268698	0.0861111111111	0	0.0438356164384	0.0328767123288	0.0301369863014	0.10396039604	0.138743455497	0.0904872389791	0.155807365439	0.0636604774536	0.18927444795	0.185303514377	0.0594713656388	0.0909090909091	0.242038216561	0.0933333333333	0.25	0.151234567901	0.133136094675	0.207006369427	0.207006369427	0.077694235589	0.077694235589	0.0861111111111	0.0741758241758	0.151234567901	0.256666666667	0.0532212885154	0.159021406728	0.176470588235	0.313131313131	0.102870813397	0.104683195592	0.0394736842105	0.0388888888889	0.162790697674	0.125	0.0878859857482	0.244299674267	0.056	0.0668316831683	0.165562913907	0.0427807486631	0.0280612244898	0.101382488479	0.193146417445	0.0403225806452	0.200657894737	0.0406504065041	0.26821192053	0.130952380952	0.154761904762	0.11780104712	0.120822622108	0.256578947368	0.235294117647	0.111801242236	0.0308056872038	0.0794871794872	0.0696517412935	0.0948509485095	0.0629539951574	0.0373333333333	0.0373333333333	0.105421686747	0.0737913486005	0.574626865672	0.135951661631	0.0289473684211	0.0289473684211	0.127717391304	0.127717391304	0.0689655172414	0.0645994832041	0.093137254902	0.093137254902	0.0304709141274	0.0948509485095	0.0948509485095	0.0696517412935	0.0696517412935	0.0629539951574	0.0629539951574	0.0623306233062	0.0792540792541	0.107142857143	0.0723860589812	0.0524934383202	0.0410256410256	0.0677083333333	0.0677083333333	0.0747922437673	0.0710382513661	0.157407407407	0.220447284345	0.0263852242744	0.0494505494505	0.0549738219895	0.0469135802469	0.0606741573034	0.0677083333333	0.221498371336	0.0670241286863	0.080310880829	0.0568475452196	0.0885416666667	0.0626702997275	0.111111111111	0.0360110803324	0.0723860589812	0.0357142857143	0.0670241286863	0.0284974093264	0.050139275766	0.0568475452196	0.0915841584158	0.0524861878453	0.0340314136126	0.0794520547945	0.0365535248042	0.134969325153	0.0626702997275	0.0519480519481	0.210691823899	0.0694006309148	0.136507936508	0.247491638796	0.0449172576832	0.0863309352518	
D3U1D9	0.306620209059	0.296428571429	0.0504731861199	0.0504731861199	0.0504731861199	0.0462962962963	0.0467289719626	0.0430769230769	0.0504731861199	0.0504731861199	0.0402476780186	0.04375	0.0503144654088	0.0467289719626	0.0438356164384	0	0.252918287938	0.263779527559	0.299003322259	0.162079510703	0.0892388451444	0.0632530120482	0.362204724409	0.0841750841751	0.0293159609121	0.132978723404	0.170818505338	0.0912052117264	0.0923076923077	0.0374149659864	0.0324675324675	0.0512820512821	0.0351437699681	0.0351437699681	0.262626262626	0.262626262626	0.0467289719626	0.05	0.0324675324675	0.055737704918	0.202247191011	0.0485436893204	0.0483870967742	0.0567823343849	0.124653739612	0.0914826498423	0.287878787879	0.363247863248	0.17747440273	0.217054263566	0.168115942029	0.0283018867925	0.326848249027	0.236842105263	0.068345323741	0.25	0.567567567568	0.175	0.0512820512821	0.328	0.0508474576271	0.53023255814	0.0479233226837	0.0416666666667	0.0471698113208	0.130699088146	0.137313432836	0.021875	0.0590163934426	0.0341296928328	0.371841155235	0.350553505535	0.168224299065	0.207612456747	0.310580204778	0.598086124402	0.598086124402	0.0365448504983	0.045584045584	0.0222841225627	0.114583333333	0.292307692308	0.292307692308	0.0315186246418	0.0315186246418	0.32319391635	0.337078651685	0.458955223881	0.458955223881	0.320833333333	0.207612456747	0.207612456747	0.168224299065	0.168224299065	0.310580204778	0.310580204778	0.216606498195	0.155807365439	0.167785234899	0.048632218845	0.663461538462	0.703883495146	0.241258741259	0.241258741259	0.0504731861199	0.0337423312883	0.0322580645161	0.0514469453376	0.289575289575	0.427947598253	0.247311827957	0.14953271028	0.130081300813	0.241258741259	0.0561056105611	0.304182509506	0.297491039427	0.311111111111	0.226351351351	0.334661354582	0.0176991150442	0.281124497992	0.048632218845	0.617511520737	0.304182509506	0.598130841121	0.219696969697	0.311111111111	0.20625	0.590243902439	0.504424778761	0.0430769230769	0.276119402985	0.141304347826	0.334661354582	0.658767772512	0.0679611650485	0.088122605364	0.030612244898	0.0426229508197	0.144970414201	0.251572327044	
E3VWI6	0.228476821192	0.188741721854	0.071661237785	0.071661237785	0.071661237785	0.0771704180064	0.0744336569579	0.0771704180064	0.071661237785	0.071661237785	0.0709677419355	0.0645161290323	0.0927152317881	0.0744336569579	0.0328767123288	0.252918287938	0	0.668421052632	0.155223880597	0.164086687307	0.0675324675325	0.0804953560372	0.357142857143	0.0707070707071	0.0648464163823	0.110526315789	0.221804511278	0.0888157894737	0.128617363344	0.0561403508772	0.0501672240803	0.0657894736842	0.0561056105611	0.0561056105611	0.159375	0.159375	0.0744336569579	0.0885245901639	0.0501672240803	0.100346020761	0.299180327869	0.0884353741497	0.0993150684932	0.0996677740864	0.142045454545	0.12131147541	0.277566539924	0.334745762712	0.144295302013	0.291666666667	0.149855907781	0.0590163934426	0.252788104089	0.177215189873	0.109848484848	0.157342657343	0.283582089552	0.16713091922	0.0983050847458	0.223880597015	0.0736842105263	0.279527559055	0.0836120401338	0.0629139072848	0.0612903225806	0.0919881305638	0.108823529412	0.041935483871	0.066889632107	0.0565371024735	0.245033112583	0.239726027397	0.127659574468	0.17747440273	0.162079510703	0.269230769231	0.269230769231	0.0584192439863	0.034188034188	0.0225352112676	0.196226415094	0.322709163347	0.322709163347	0.0563798219585	0.0563798219585	0.241877256318	0.234265734266	0.201863354037	0.201863354037	0.242063492063	0.17747440273	0.17747440273	0.127659574468	0.127659574468	0.162079510703	0.162079510703	0.251879699248	0.150997150997	0.20701754386	0.0791139240506	0.239130434783	0.257246376812	0.231578947368	0.231578947368	0.071661237785	0.0741935483871	0.046357615894	0.0838926174497	0.2890625	0.276679841897	0.250909090909	0.123076923077	0.116216216216	0.231578947368	0.085910652921	0.210714285714	0.265017667845	0.236749116608	0.225255972696	0.263358778626	0.0460122699387	0.623711340206	0.0791139240506	0.257246376812	0.210714285714	0.265917602996	0.173431734317	0.236749116608	0.130177514793	0.277777777778	0.282442748092	0.0771704180064	0.275471698113	0.151851851852	0.263358778626	0.253623188406	0.0759075907591	0.09375	0.0755395683453	0.0572390572391	0.100574712644	0.169139465875	
E3VWK2	0.213114754098	0.221843003413	0.0347003154574	0.0347003154574	0.0347003154574	0.0308641975309	0.0376175548589	0.0308641975309	0.0347003154574	0.0347003154574	0.0376175548589	0.0249221183801	0.0477707006369	0.0376175548589	0.0301369863014	0.263779527559	0.668421052632	0	0.210031347962	0.143292682927	0.0301507537688	0.0513595166163	0.347826086957	0.0602006688963	0.0436241610738	0.10498687664	0.182481751825	0.0610932475884	0.107594936709	0.0416666666667	0.0162337662338	0.0319488817891	0.0424836601307	0.0424836601307	0.213114754098	0.213114754098	0.0376175548589	0.0541401273885	0.0162337662338	0.078231292517	0.269076305221	0.0633333333333	0.0702341137124	0.0679611650485	0.14245014245	0.096463022508	0.288461538462	0.383259911894	0.129568106312	0.251012145749	0.124293785311	0.0353697749196	0.282442748092	0.212418300654	0.0774907749077	0.187050359712	0.294339622642	0.117647058824	0.0802675585284	0.272373540856	0.051724137931	0.285714285714	0.0660066006601	0.025641025641	0.0314465408805	0.0922619047619	0.102639296188	0.0320512820513	0.0564784053156	0.0383275261324	0.311188811189	0.289285714286	0.114457831325	0.237410071942	0.17701863354	0.310756972112	0.310756972112	0.0267558528428	0.0254957507082	0.0197183098592	0.144927536232	0.329317269076	0.329317269076	0.0349854227405	0.0349854227405	0.247272727273	0.222222222222	0.217665615142	0.217665615142	0.243027888446	0.237410071942	0.237410071942	0.114457831325	0.114457831325	0.17701863354	0.17701863354	0.276923076923	0.125698324022	0.178694158076	0.039755351682	0.24	0.262773722628	0.232394366197	0.232394366197	0.0347003154574	0.0440251572327	0.0128617363344	0.0592105263158	0.331983805668	0.282868525896	0.247272727273	0.109756097561	0.11051212938	0.232394366197	0.0641891891892	0.224637681159	0.317343173432	0.246428571429	0.201342281879	0.279069767442	0.021021021021	0.635416666667	0.039755351682	0.272058823529	0.224637681159	0.301158301158	0.152727272727	0.246428571429	0.137313432836	0.263779527559	0.298449612403	0.0308641975309	0.301158301158	0.0877192982456	0.279069767442	0.236559139785	0.0833333333333	0.0608365019011	0.0311418685121	0.0468227424749	0.0852272727273	0.224299065421	
